# Vertices
-1.999603271484375 1.3944225311279297 -6.088540077209473
0.000396728515625 1.3944225311279297 -6.088540077209473
-1.999603271484375 1.3944225311279297 -8.088540077209473
0.000396728515625 1.3944225311279297 -8.088540077209473
-1.999603271484375 1.3944225311279297 -9.908624649047852
0.000396728515625 1.3944225311279297 -9.908624649047852
-1.999603271484375 1.3944225311279297 -11.902050018310547
0.000396728515625 1.3944225311279297 -11.902050018310547
-2.042938709259033 1.3944225311279297 -13.852140426635742
-0.04293859004974365 1.3944225311279297 -13.852140426635742
-1.9562678337097168 1.3944225311279297 -16.105579376220703
0.04373204708099365 1.3944225311279297 -16.105579376220703
-1.999603271484375 1.3944225311279297 -18.879039764404297
0.000396728515625 1.3944225311279297 -18.879039764404297
-4.296376705169678 1.3944225311279297 -6.131875514984131
-4.296376705169678 1.3944225311279297 -8.131875038146973
-4.296376705169678 1.3944225311279297 -9.951959609985352
-4.296376705169678 1.3944225311279297 -11.945384979248047
-4.339712142944336 1.3944225311279297 -13.895475387573242
-4.2530412673950195 1.3944225311279297 -16.148914337158203
-4.296376705169678 1.3944225311279297 -18.922374725341797
-6.463143825531006 1.3944225311279297 -6.001869201660156
-6.463143825531006 1.3944225311279297 -8.001869201660156
-6.463143825531006 1.3944225311279297 -9.821953773498535
-6.463143825531006 1.3944225311279297 -11.815380096435547
-6.506479263305664 1.3944225311279297 -13.765470504760742
-6.419808387756348 1.3944225311279297 -16.01890754699707
-6.463143825531006 1.3944225311279297 -18.792369842529297
-8.673246383666992 1.3944225311279297 -6.175210952758789
-8.673246383666992 1.3944225311279297 -8.175210952758789
-8.673246383666992 1.3944225311279297 -9.995295524597168
-8.673246383666992 1.3944225311279297 -11.988720893859863
-8.716581344604492 1.3944225311279297 -13.938811302185059
-8.629911422729492 1.3944225311279297 -16.192249298095703
-8.673246383666992 1.3944225311279297 -18.96571159362793
1.9071519374847412 1.3944225311279297 -6.088540077209473
1.9071519374847412 1.3944225311279297 -8.088540077209473
1.9071519374847412 1.3944225311279297 -9.908624649047852
1.9071519374847412 1.3944225311279297 -11.902050018310547
1.863816738128662 1.3944225311279297 -13.852140426635742
1.9504871368408203 1.3944225311279297 -16.105579376220703
1.9071519374847412 1.3944225311279297 -18.879039764404297
4.290596008300781 1.3944225311279297 -6.131875514984131
4.290596008300781 1.3944225311279297 -8.131875038146973
4.290596008300781 1.3944225311279297 -9.951959609985352
4.290596008300781 1.3944225311279297 -11.945384979248047
4.247261047363281 1.3944225311279297 -13.895475387573242
4.333930969238281 1.3944225311279297 -16.148914337158203
4.290596008300781 1.3944225311279297 -18.922374725341797
6.500698566436768 1.3944225311279297 -6.261881351470947
6.500698566436768 1.3944225311279297 -8.261881828308105
6.500698566436768 1.3944225311279297 -10.081966400146484
6.500698566436768 1.3944225311279297 -12.07539176940918
6.457363605499268 1.3944225311279297 -14.025482177734375
6.544033527374268 1.3944225311279297 -16.278919219970703
6.500698566436768 1.3944225311279297 -19.05238151550293
8.407453536987305 1.3944225311279297 -6.391887664794922
8.407453536987305 1.3944225311279297 -8.391887664794922
8.407453536987305 1.3944225311279297 -10.2119722366333
8.407453536987305 1.3944225311279297 -12.20539665222168
8.364118576049805 1.3944225311279297 -14.155487060546875
8.450788497924805 1.3944225311279297 -16.408924102783203
8.407453536987305 1.3944225311279297 -19.182388305664062
-0.04293859004974365 1.3944225311279297 -3.9217727184295654
-2.7297301292419434 1.3944225311279297 -4.008443355560303
-0.21628010272979736 1.3944225311279297 -1.8850116729736328
2.6005172729492188 1.3944225311279297 -1.8416762351989746
-2.643059492111206 1.3944225311279297 -1.971682071685791
2.6005172729492188 1.3944225311279297 -3.9651079177856445

# Edges
2 0
0 1
1 3
3 2
5 4
3 5
4 2
7 6
5 7
6 4
9 8
7 9
8 6
11 10
9 11
10 8
13 12
11 13
12 10
15 14
16 15
17 16
18 17
19 18
20 19
2 15
14 0
6 17
16 4
12 20
19 10
8 18
22 21
23 22
24 23
25 24
26 25
27 26
18 25
24 17
16 23
22 15
19 26
21 14
20 27
29 28
30 29
31 30
32 31
33 32
34 33
23 30
29 22
26 33
32 25
24 31
28 21
27 34
35 36
36 37
37 38
38 39
39 40
40 41
7 38
39 9
3 36
37 5
40 11
41 13
1 35
42 43
43 44
44 45
45 46
46 47
47 48
39 46
47 40
37 44
45 38
35 42
43 36
48 41
49 50
50 51
51 52
52 53
53 54
54 55
46 53
54 47
44 51
52 45
42 49
50 43
55 48
56 57
57 58
58 59
59 60
60 61
61 62
53 60
61 54
51 58
59 52
49 56
57 50
62 55
1 63
63 64
65 66
64 67
67 65
65 63
63 68
68 66
